<svg xmlns="http://www.w3.org/2000/svg"
      width="379.427"
      height="91.301"
      viewBox="0 0 379.427 91.301">
  <g id="svgGroup"
        stroke-linecap="round"
        fill-rule="evenodd"
        font-size="9pt"
        stroke="#000"
        stroke-width="0.1mm"
        fill="#000"
        style="stroke:#000;stroke-width:0.1mm;fill:#000">
    <path d="M 36.627 91 Q 26.827 91 18.677 88.1 Q 10.527 85.2 5.527 79.55 Q 0.527 73.9 0.027 65.6 Q -0.173 62.2 1.127 58.1 Q 2.427 54 4.777 49.95 Q 7.127 45.9 10.377 42.65 Q 13.627 39.4 17.327 37.7 Q 17.627 37.5 18.277 37.4 Q 18.927 37.3 19.227 37.3 Q 19.827 37.3 19.827 37.6 Q 19.827 38.1 18.327 39.2 Q 14.127 42.5 11.427 46.8 Q 8.627 51.1 7.227 56 Q 5.827 60.9 5.827 65.9 Q 5.827 71.8 8.377 76.05 Q 10.927 80.3 15.227 83.05 Q 19.527 85.8 25.027 87.1 Q 30.527 88.4 36.527 88.4 Q 43.227 88.4 49.777 86.9 Q 56.327 85.4 61.727 82.6 Q 70.027 78.2 74.877 71.7 Q 79.727 65.2 79.727 58.8 Q 79.727 55.4 78.277 52.3 Q 76.827 49.2 73.627 46.7 Q 71.227 44.8 67.777 43.1 Q 64.327 41.4 60.477 39.8 Q 56.627 38.2 52.927 36.55 Q 49.227 34.9 46.427 33 Q 42.427 30.3 40.577 27.2 Q 38.727 24.1 38.727 21 Q 38.727 17.3 40.877 13.8 Q 43.027 10.3 46.777 7.45 Q 50.527 4.6 55.227 3 Q 59.327 1.6 64.177 0.8 Q 69.027 0 73.727 0 Q 77.627 0 81.177 0.55 Q 84.727 1.1 87.427 2.5 Q 90.827 4.1 92.627 6.75 Q 94.427 9.4 94.427 12.3 Q 94.427 16.3 90.827 19.3 Q 89.527 20.3 87.927 21.15 Q 86.327 22 84.127 22.6 Q 83.727 22.7 83.227 22.7 Q 82.027 22.7 82.027 22 Q 82.027 21.6 82.677 21.15 Q 83.327 20.7 84.627 20.6 Q 87.627 20.2 89.177 18.3 Q 90.727 16.4 90.727 13.9 Q 90.727 11.3 88.977 8.75 Q 87.227 6.2 83.627 4.45 Q 80.027 2.7 74.427 2.7 Q 71.227 2.7 67.377 3.4 Q 63.527 4.1 59.027 5.7 Q 53.527 7.6 49.877 11.3 Q 46.227 15 46.227 19.2 Q 46.227 21.8 47.977 24.45 Q 49.727 27.1 53.627 29.5 Q 56.927 31.5 61.127 33.45 Q 65.327 35.4 69.627 37.35 Q 73.927 39.3 77.427 41.5 Q 82.927 44.9 85.327 48.8 Q 87.727 52.7 87.727 56.8 Q 87.727 61.6 84.877 66.45 Q 82.027 71.3 77.427 75.55 Q 72.827 79.8 67.327 83.1 Q 60.927 86.9 52.877 88.95 Q 44.827 91 36.627 91 Z"
          id="0"
          vector-effect="non-scaling-stroke" />
    <path d="M 100.827 82.2 Q 97.127 82.2 94.177 79.8 Q 91.227 77.4 91.227 72.5 Q 91.227 68.4 93.077 63.8 Q 94.927 59.2 97.977 55.15 Q 101.027 51.1 104.777 48.55 Q 108.527 46 112.327 46 Q 114.227 46 116.027 47.1 Q 117.827 48.2 117.827 50.9 Q 117.827 53.4 115.927 56.4 Q 114.027 59.4 110.527 62 Q 109.027 63.1 106.727 64.1 Q 104.427 65.1 102.127 65.75 Q 99.827 66.4 98.327 66.4 Q 97.827 67.6 97.377 69.6 Q 96.927 71.6 96.927 73.7 Q 96.927 76.2 97.927 78.2 Q 98.927 80.2 101.627 80.2 Q 104.927 80.2 107.777 78.3 Q 110.627 76.4 112.877 73.5 Q 115.127 70.6 116.727 67.6 Q 118.327 64.6 119.227 62.5 Q 120.427 62.5 120.427 63.4 Q 119.127 66.2 117.477 69.5 Q 115.827 72.8 113.577 75.65 Q 111.327 78.5 108.177 80.35 Q 105.027 82.2 100.827 82.2 Z M 99.027 64.6 Q 100.427 64.6 103.727 63.55 Q 107.027 62.5 109.727 60.2 Q 112.327 57.9 113.727 55.15 Q 115.127 52.4 115.127 50.5 Q 115.127 48.3 113.527 48.3 Q 112.327 48.3 110.227 49.9 Q 108.127 51.5 105.027 55.3 Q 103.127 57.7 101.427 60.5 Q 99.727 63.3 99.027 64.6 Z"
          id="1"
          vector-effect="non-scaling-stroke" />
    <path d="M 119.327 62.2 Q 120.127 60.5 121.427 56.75 Q 122.727 53 124.127 48.4 Q 125.527 43.8 126.227 39.7 Q 126.527 38.1 127.327 37.35 Q 128.127 36.6 129.027 36.6 Q 130.327 36.6 131.427 37.85 Q 132.527 39.1 132.527 41.4 Q 132.527 44.2 130.877 46.2 Q 129.227 48.2 126.827 50 Q 127.827 50.1 128.927 50.15 Q 130.027 50.2 131.327 50.2 Q 136.027 50.2 140.627 49.6 Q 140.827 50.2 140.827 50.5 Q 140.827 51.8 140.077 53.8 Q 139.327 55.8 138.527 57.4 Q 138.127 58.3 136.927 60.65 Q 135.727 63 134.327 65.95 Q 132.927 68.9 131.977 71.75 Q 131.027 74.6 131.027 76.6 Q 131.027 79.2 133.027 79.2 Q 134.927 79.2 138.327 74.75 Q 141.727 70.3 145.127 62.5 Q 146.327 62.5 146.327 63.4 Q 145.227 66.1 143.577 69.3 Q 141.927 72.5 139.927 75.35 Q 137.927 78.2 135.627 80.05 Q 133.327 81.9 130.827 81.9 Q 128.927 81.9 127.027 80.35 Q 125.127 78.8 125.127 75.3 Q 125.127 72.2 126.327 69.25 Q 127.527 66.3 129.027 63.7 Q 130.527 61.1 131.727 59.1 Q 132.927 57.1 132.927 55.9 Q 132.927 54.1 130.677 53.3 Q 128.427 52.5 124.827 52.4 Q 123.027 57 122.127 59.2 Q 121.227 61.4 120.427 63.4 Q 118.827 63.4 119.327 62.2 Z"
          id="2"
          vector-effect="non-scaling-stroke" />
    <path d="M 152.327 82.2 Q 148.627 82.2 145.677 79.8 Q 142.727 77.4 142.727 72.5 Q 142.727 68.4 144.577 63.8 Q 146.427 59.2 149.477 55.15 Q 152.527 51.1 156.277 48.55 Q 160.027 46 163.827 46 Q 165.727 46 167.527 47.1 Q 169.327 48.2 169.327 50.9 Q 169.327 53.4 167.427 56.4 Q 165.527 59.4 162.027 62 Q 160.527 63.1 158.227 64.1 Q 155.927 65.1 153.627 65.75 Q 151.327 66.4 149.827 66.4 Q 149.327 67.6 148.877 69.6 Q 148.427 71.6 148.427 73.7 Q 148.427 76.2 149.427 78.2 Q 150.427 80.2 153.127 80.2 Q 156.427 80.2 159.277 78.3 Q 162.127 76.4 164.377 73.5 Q 166.627 70.6 168.227 67.6 Q 169.827 64.6 170.727 62.5 Q 171.927 62.5 171.927 63.4 Q 170.627 66.2 168.977 69.5 Q 167.327 72.8 165.077 75.65 Q 162.827 78.5 159.677 80.35 Q 156.527 82.2 152.327 82.2 Z M 150.527 64.6 Q 151.927 64.6 155.227 63.55 Q 158.527 62.5 161.227 60.2 Q 163.827 57.9 165.227 55.15 Q 166.627 52.4 166.627 50.5 Q 166.627 48.3 165.027 48.3 Q 163.827 48.3 161.727 49.9 Q 159.627 51.5 156.527 55.3 Q 154.627 57.7 152.927 60.5 Q 151.227 63.3 150.527 64.6 Z"
          id="3"
          vector-effect="non-scaling-stroke" />
    <path d="M 161.127 82.6 Q 164.727 75.3 168.027 68.15 Q 171.327 61 174.827 54.5 Q 176.827 50.9 178.227 49.45 Q 179.627 48 181.927 48 Q 182.727 48 183.627 48.25 Q 184.527 48.5 185.427 48.5 Q 186.027 48.5 186.327 48.4 Q 184.927 49.2 182.677 52.35 Q 180.427 55.5 178.127 59.6 Q 175.827 63.7 174.027 67.3 Q 175.927 65 178.027 62.7 Q 180.127 60.4 182.627 58.3 Q 185.027 56.2 188.377 53.95 Q 191.727 51.7 194.927 50.2 Q 198.127 48.7 200.027 48.7 Q 200.727 48.7 201.027 48.8 L 199.927 50.75 Q 198.827 52.7 197.177 55.85 Q 195.527 59 193.827 62.55 Q 192.127 66.1 190.777 69.35 Q 189.427 72.6 189.027 74.8 Q 188.727 76.1 188.727 77.2 Q 188.727 78.8 189.327 79.3 Q 189.927 79.8 190.627 79.8 Q 192.527 79.8 194.527 78.1 Q 196.527 76.4 198.377 73.75 Q 200.227 71.1 201.827 68.1 Q 203.427 65.1 204.527 62.5 Q 205.727 62.5 205.727 63.4 Q 204.627 66.1 202.977 69.35 Q 201.327 72.6 199.277 75.5 Q 197.227 78.4 194.727 80.3 Q 192.227 82.2 189.327 82.2 Q 187.327 82.2 185.177 80.8 Q 183.027 79.4 183.027 75.6 Q 183.027 74.5 183.227 73.25 Q 183.427 72 183.927 70.5 Q 184.727 68.5 185.827 66.2 Q 186.927 63.9 189.427 59.9 Q 190.127 58.8 190.277 58.2 Q 190.427 57.6 190.427 57.2 Q 190.427 56 189.327 56 Q 188.427 56 186.677 57 Q 184.927 58 182.327 60.5 Q 179.827 62.9 176.377 67.3 Q 172.927 71.7 168.427 80.3 Q 167.727 81.6 166.877 81.7 Q 166.027 81.8 164.527 81.9 Q 163.527 82 162.627 82.05 Q 161.727 82.1 161.127 82.6 Z"
          id="4"
          vector-effect="non-scaling-stroke" />
    <path d="M 265.027 34.5 L 265.027 34.4 Q 265.527 33.8 266.027 33.8 Q 267.027 33.8 267.027 35.2 Q 266.527 39.5 263.977 42.7 Q 261.427 45.9 257.827 47.6 Q 254.227 49.3 250.227 49.3 Q 246.127 49.3 242.327 47.3 Q 238.527 45.3 236.127 41.5 Q 233.727 37.7 233.727 32.3 Q 233.727 27.9 235.677 23.55 Q 237.627 19.2 241.577 15.55 Q 245.527 11.9 251.627 9.7 Q 257.727 7.5 266.027 7.5 Q 273.427 7.5 279.477 8.9 Q 285.527 10.3 291.077 12.35 Q 296.627 14.4 302.327 16.4 Q 303.927 14.4 306.077 12.65 Q 308.227 10.9 310.427 10.9 Q 312.427 10.9 312.427 12.1 Q 312.427 13.3 311.027 13.3 Q 309.527 13.3 307.927 14.55 Q 306.327 15.8 305.127 17.3 Q 312.227 19.6 318.677 21.25 Q 325.127 22.9 329.827 22.9 Q 334.327 22.9 336.277 22.2 Q 338.227 21.5 338.227 19.9 Q 338.227 19.3 338.477 18.85 Q 338.727 18.4 339.427 18.4 Q 339.927 18.4 340.127 19.25 Q 340.327 20.1 340.327 20.6 Q 340.327 23 337.777 24.5 Q 335.227 26 331.427 26 Q 328.127 26 323.477 25.1 Q 318.827 24.2 313.627 22.75 Q 308.427 21.3 303.527 19.5 Q 299.827 25.5 297.277 31.75 Q 294.727 38 292.577 44.3 Q 290.427 50.6 288.027 56.7 Q 283.127 68.9 276.127 76.55 Q 269.127 84.2 259.577 87.75 Q 250.027 91.3 237.427 91.3 Q 225.927 91.3 217.827 87.9 Q 209.727 84.5 205.477 78.65 Q 201.227 72.8 201.227 65.6 Q 201.227 59.4 203.277 54.3 Q 205.327 49.2 208.977 45.8 Q 212.627 42.4 217.327 41.3 Q 218.027 41.3 218.027 41.8 Q 218.027 42.3 217.527 42.6 Q 212.327 45.7 209.577 51.35 Q 206.827 57 206.827 63.2 Q 206.827 71.4 210.977 77.1 Q 215.127 82.8 222.077 85.8 Q 229.027 88.8 237.427 88.8 Q 247.327 88.8 255.527 84.55 Q 263.727 80.3 270.377 72.95 Q 277.027 65.6 282.027 56.5 Q 285.227 50.7 288.027 44.7 Q 290.827 38.7 293.227 33.35 Q 295.627 28 297.527 24.1 Q 299.427 20.2 300.727 18.5 Q 295.227 16.5 288.077 14.95 Q 280.927 13.4 270.227 12.8 Q 262.727 12.4 256.877 14.5 Q 251.027 16.6 246.977 20.15 Q 242.927 23.7 240.777 27.9 Q 238.627 32.1 238.627 36 Q 238.627 39.7 240.327 42.05 Q 242.027 44.4 244.777 45.5 Q 247.527 46.6 250.427 46.6 Q 254.027 46.6 256.727 45.1 Q 259.427 43.6 261.277 41.45 Q 263.127 39.3 264.077 37.35 Q 265.027 35.4 265.027 34.5 Z"
          id="5"
          vector-effect="non-scaling-stroke" />
    <path d="M 295.127 68.8 L 301.827 51.7 Q 302.127 50.9 302.127 50.3 Q 302.127 49.3 301.627 48.55 L 300.927 47.5 L 306.427 47.3 Q 307.927 47.2 308.577 47.65 Q 309.227 48.1 309.227 48.7 Q 309.227 49.3 308.527 50.9 Q 307.527 53.3 305.827 56.9 Q 304.127 60.5 302.477 64.3 Q 300.827 68.1 299.677 71.4 Q 298.527 74.7 298.527 76.5 Q 298.527 77.8 299.177 78.7 Q 299.827 79.6 301.427 79.6 Q 303.527 79.6 305.577 77.95 Q 307.627 76.3 309.427 73.7 Q 311.227 71.1 312.777 68.1 Q 314.327 65.1 315.427 62.5 Q 316.627 62.5 316.627 63.4 Q 315.627 65.9 314.027 69.1 Q 312.427 72.3 310.377 75.15 Q 308.327 78 305.877 79.9 Q 303.427 81.8 300.627 81.8 Q 296.927 81.8 295.427 79.65 Q 293.927 77.5 293.927 74.7 Q 293.927 73.2 294.277 71.65 Q 294.627 70.1 295.127 68.8 Z M 309.527 41.1 Q 308.227 41.1 307.277 40.1 Q 306.327 39.1 306.327 37.7 Q 306.327 36 307.727 34.65 Q 309.127 33.3 310.827 33.3 Q 312.227 33.3 313.227 34.2 Q 314.227 35.1 314.227 36.5 Q 314.227 38.3 312.827 39.7 Q 311.427 41.1 309.527 41.1 Z"
          id="6"
          vector-effect="non-scaling-stroke" />
    <path d="M 338.327 81.8 Q 334.927 81.8 333.327 79.5 Q 331.727 77.2 331.727 74.1 Q 331.727 73.2 331.827 72.25 Q 331.927 71.3 332.227 70.3 Q 330.827 72.5 328.977 75.15 Q 327.127 77.8 324.777 79.75 Q 322.427 81.7 319.527 81.7 Q 318.227 81.7 316.577 81.1 Q 314.927 80.5 313.677 78.8 Q 312.427 77.1 312.427 73.8 Q 312.427 69.5 314.327 64.7 Q 316.227 59.9 319.527 55.65 Q 322.827 51.4 327.027 48.75 Q 331.227 46.1 335.727 46.1 Q 339.327 46.1 342.527 48 Q 344.027 45.2 345.727 41.75 Q 347.427 38.3 349.127 34.9 Q 350.827 31.5 352.127 28.65 Q 353.427 25.8 354.127 24.3 Q 355.627 20.8 356.977 19.85 Q 358.327 18.9 360.227 18.9 Q 361.327 18.9 362.677 19.15 Q 364.027 19.4 365.327 19.3 Q 364.827 19.8 363.027 22.6 Q 361.227 25.4 358.627 29.85 Q 356.027 34.3 353.077 39.6 Q 350.127 44.9 347.277 50.45 Q 344.427 56 342.027 61.1 Q 339.627 66.2 338.227 70.1 Q 336.827 74 336.827 76 Q 336.827 77.3 337.427 78.25 Q 338.027 79.2 339.427 79.2 Q 341.327 79.2 343.327 77.3 Q 345.327 75.4 347.177 72.55 Q 349.027 69.7 350.477 66.95 Q 351.927 64.2 352.627 62.5 Q 353.827 62.5 353.827 63.4 Q 352.927 65.5 351.427 68.6 Q 349.927 71.7 347.927 74.7 Q 345.927 77.7 343.477 79.75 Q 341.027 81.8 338.327 81.8 Z M 320.227 78.8 Q 321.627 78.8 323.727 77.25 Q 325.827 75.7 328.227 72.3 Q 331.027 68.3 334.627 62.3 Q 338.227 56.3 341.727 49.6 Q 341.027 49 340.227 48.7 Q 339.427 48.4 338.027 48.4 Q 335.727 48.4 332.977 50.35 Q 330.227 52.3 327.477 55.4 Q 324.727 58.5 322.477 62.1 Q 320.227 65.7 318.877 69.05 Q 317.527 72.4 317.527 74.8 Q 317.527 78.8 320.227 78.8 Z"
          id="7"
          vector-effect="non-scaling-stroke" />
    <path d="M 359.827 82.2 Q 356.127 82.2 353.177 79.8 Q 350.227 77.4 350.227 72.5 Q 350.227 68.4 352.077 63.8 Q 353.927 59.2 356.977 55.15 Q 360.027 51.1 363.777 48.55 Q 367.527 46 371.327 46 Q 373.227 46 375.027 47.1 Q 376.827 48.2 376.827 50.9 Q 376.827 53.4 374.927 56.4 Q 373.027 59.4 369.527 62 Q 368.027 63.1 365.727 64.1 Q 363.427 65.1 361.127 65.75 Q 358.827 66.4 357.327 66.4 Q 356.827 67.6 356.377 69.6 Q 355.927 71.6 355.927 73.7 Q 355.927 76.2 356.927 78.2 Q 357.927 80.2 360.627 80.2 Q 363.927 80.2 366.777 78.3 Q 369.627 76.4 371.877 73.5 Q 374.127 70.6 375.727 67.6 Q 377.327 64.6 378.227 62.5 Q 379.427 62.5 379.427 63.4 Q 378.127 66.2 376.477 69.5 Q 374.827 72.8 372.577 75.65 Q 370.327 78.5 367.177 80.35 Q 364.027 82.2 359.827 82.2 Z M 358.027 64.6 Q 359.427 64.6 362.727 63.55 Q 366.027 62.5 368.727 60.2 Q 371.327 57.9 372.727 55.15 Q 374.127 52.4 374.127 50.5 Q 374.127 48.3 372.527 48.3 Q 371.327 48.3 369.227 49.9 Q 367.127 51.5 364.027 55.3 Q 362.127 57.7 360.427 60.5 Q 358.727 63.3 358.027 64.6 Z"
          id="8"
          vector-effect="non-scaling-stroke" />
  </g>
</svg>