<svg xmlns="http://www.w3.org/2000/svg"
      width="141"
      height="89.5"
      viewBox="0 0 141 89.5">
  <g id="svgGroup"
        stroke-linecap="round"
        fill-rule="evenodd"
        font-size="9pt"
        stroke="#000"
        stroke-width="0.1mm"
        fill="#000"
        style="stroke:#000;stroke-width:0.1mm;fill:#000">
    <path d="M 63.9 68.9 L 66.1 67 Q 66.7 66.3 67.2 66.3 Q 67.7 66.3 67.7 66.7 Q 67.7 69.3 61.3 73.1 Q 54.9 76.9 51.7 76.9 Q 45.6 76.9 45.6 72.15 Q 45.6 67.4 50.4 57.9 Q 55.2 48.4 62.8 37.5 Q 46.3 48.2 38.1 53.7 Q 27.5 68.2 17 78.85 Q 6.5 89.5 2.3 89.5 Q 0 89.5 0 87.8 Q 0 82.2 8.55 74.1 Q 17.1 66 32.3 55.4 Q 41.7 42 48.05 29.95 Q 54.4 17.9 54.4 12.4 Q 54.4 6.1 48.1 4.7 Q 43.2 3.5 37.85 3.5 Q 32.5 3.5 29.35 3.8 Q 26.2 4.1 22.4 4.95 Q 18.6 5.8 16.25 7.7 Q 13.9 9.6 13.9 12.3 Q 13.9 15.4 19.35 17.2 Q 24.8 19 31.55 20.8 Q 38.3 22.6 40.2 25.2 Q 41 26.1 41.3 28.5 Q 41.3 29.2 40.85 29.2 Q 40.4 29.2 40 28.5 Q 39.1 26.4 34.25 24.75 Q 29.4 23.1 24.15 22.15 Q 18.9 21.2 14.65 19.05 Q 10.4 16.9 10.4 13.7 Q 10.4 10.5 12.5 8.15 Q 14.6 5.8 17.45 4.6 Q 20.3 3.4 24.7 2.7 Q 31.3 1.8 40.15 1.8 Q 49 1.8 53.95 4.7 Q 58.9 7.6 58.9 12.8 Q 58.9 23.9 41.1 49.4 Q 45.9 46.2 54.7 40.45 Q 63.5 34.7 66 33 Q 76.3 19 86.65 9.5 Q 97 0 103.4 0 Q 105.2 0 105.2 1.7 Q 105.2 6.1 96.9 13.2 Q 88.6 20.3 73.3 30.5 Q 64 43 57.55 54.4 Q 51.1 65.8 51.1 70.2 Q 51.1 74.6 53.6 74.6 Q 55.4 74.6 58.55 72.7 Q 61.7 70.8 63.9 68.9 Z M 3.5 87.2 Q 6.3 87.2 13.55 79.35 Q 20.8 71.5 29.3 59.7 Q 2.8 78.3 2.8 86.3 Q 2.8 87.2 3.5 87.2 Z M 101 2.3 Q 98.2 2.3 91.6 8.85 Q 85 15.4 77 25.7 Q 101.6 8.9 101.6 2.9 Q 101.6 2.3 101 2.3 Z"
          id="0"
          vector-effect="non-scaling-stroke" />
    <path d="M 107.2 60 L 109.4 58.2 Q 110.1 57.7 110.6 57.7 Q 111.1 57.7 111.1 58.3 L 111.1 58.6 Q 111.5 58.6 105.75 63 Q 100 67.4 93.45 71.8 Q 86.9 76.2 85.2 76.2 Q 82.3 76.2 82.3 73.6 Q 82.3 72.1 83.75 69.7 Q 85.2 67.3 85.3 66.9 Q 85.4 66.5 85.1 66.5 Q 84.8 66.5 84.25 67.05 Q 83.7 67.6 78.15 71.25 Q 72.6 74.9 70.5 74.9 Q 69.1 74.9 69.1 73.1 Q 69.1 71.3 74.7 63.8 Q 80.3 56.3 82.6 56.3 Q 83.1 56.3 83.55 56.75 Q 84 57.2 84 57.45 Q 84 57.7 78.85 63.6 Q 73.7 69.5 73.7 71.2 Q 73.7 71.6 74.1 71.6 Q 76 71.6 82.3 66.5 Q 88.6 61.4 91.25 58.6 Q 93.9 55.8 95.4 55.8 Q 96.9 55.8 96.9 57.1 Q 96.9 57.9 96.3 58.7 Q 95.7 59.5 94.05 61.55 Q 92.4 63.6 91 65.4 Q 87.1 70.4 87.1 71.65 Q 87.1 72.9 88.15 72.9 Q 89.2 72.9 93.3 70.1 Q 100.9 65.1 107.2 60 Z"
          id="1"
          vector-effect="non-scaling-stroke" />
    <path d="M 134.3 62.1 L 139.1 58.3 Q 139.8 57.8 140.4 57.8 Q 141 57.8 141 58.5 L 141 58.7 Q 133.3 65.2 124.75 70.9 Q 116.2 76.6 113.5 76.6 Q 110.3 76.6 110.3 73.2 Q 110.3 72.4 110.6 71.7 Q 110.9 71 110.9 70.7 Q 110.9 70.4 110.7 70.3 Q 110.4 70.3 106.85 73 Q 103.3 75.7 100.65 75.7 Q 98 75.7 98 72.9 Q 98 70.1 101.75 65.35 Q 105.5 60.6 111.8 56.7 Q 118.1 52.8 124.1 52.8 Q 125.5 52.8 126.45 53.5 Q 127.4 54.2 127.4 55.65 Q 127.4 57.1 124.5 60 Q 121.6 62.9 119.5 62.9 Q 118.9 62.9 118.9 62.45 Q 118.9 62 119.6 61.4 Q 122.9 58.7 122.9 56.5 Q 122.9 55.1 120.4 54.9 Q 115.9 55 109.65 61.4 Q 103.4 67.8 103.4 71 Q 103.4 72.1 104.65 72.1 Q 105.9 72.1 108 70.4 Q 109.9 69.2 115.1 64.4 Q 116.3 63.2 117.4 63.2 Q 118.8 63.2 118.8 64.5 Q 118.8 65 118.5 65.3 Q 118.2 65.6 117.4 66.55 Q 116.6 67.5 116 68.3 Q 114.2 70.9 114.2 71.7 Q 114.2 73.7 115.8 73.7 Q 117.9 73.7 123.7 69.85 Q 129.5 66 134.3 62.1 Z"
          id="2"
          vector-effect="non-scaling-stroke" />
  </g>
</svg>