<svg xmlns="http://www.w3.org/2000/svg"
      width="274.204"
      height="64.902"
      viewBox="0 0 274.204 64.902">
  <g id="svgGroup"
        stroke-linecap="round"
        fill-rule="evenodd"
        font-size="9pt"
        stroke="#000"
        stroke-width="0.1mm"
        fill="#000"
        style="stroke:#000;stroke-width:0.1mm;fill:#000">
    <path d="M 14.504 63.401 Q 0.004 63.401 0.004 55.201 Q 0.004 48.001 9.004 41.401 Q 17.304 35.301 24.904 35.301 Q 28.104 35.301 28.104 37.401 Q 28.104 43.101 18.104 48.801 Q 16.804 49.501 15.854 49.951 Q 14.904 50.401 14.404 50.401 Q 13.604 50.401 13.604 50.001 Q 13.604 49.301 15.704 48.101 Q 21.304 44.901 23.604 40.801 Q 23.804 40.401 24.054 39.801 Q 24.304 39.201 24.304 39.101 Q 24.304 38.601 23.504 38.601 Q 17.404 38.601 10.304 43.301 Q 2.504 48.401 2.504 54.201 Q 2.504 59.601 14.704 59.601 Q 24.004 59.601 35.404 56.301 Q 49.004 52.401 52.804 46.601 Q 53.904 44.901 53.904 43.301 Q 53.904 37.001 37.204 32.001 Q 35.004 31.301 33.704 31.001 Q 32.404 30.701 30.104 30.001 Q 27.604 29.201 26.004 28.551 Q 24.404 27.901 23.304 27.301 Q 19.104 24.901 19.104 21.301 Q 19.104 14.401 31.204 9.501 Q 41.404 5.401 49.304 5.401 Q 59.704 5.401 59.704 10.601 Q 59.704 13.101 57.904 16.101 Q 56.004 19.401 53.604 19.401 Q 52.704 19.401 52.704 18.701 Q 52.704 18.501 54.404 16.501 Q 55.504 15.201 55.854 14.301 Q 56.204 13.401 56.204 12.701 Q 56.204 8.701 49.204 8.701 Q 47.304 8.701 45.104 8.951 Q 42.904 9.201 40.404 9.801 Q 35.004 11.101 29.504 13.501 Q 21.604 17.101 21.604 20.601 Q 21.604 23.701 30.804 26.401 Q 38.804 28.701 43.154 30.001 Q 47.504 31.301 48.004 31.501 Q 57.304 35.201 57.304 41.301 Q 57.304 45.401 53.004 49.401 Q 46.604 55.501 35.004 59.601 Q 24.104 63.401 14.504 63.401 Z"
          id="0"
          vector-effect="non-scaling-stroke" />
    <path d="M 67.604 60.701 Q 64.304 60.701 61.804 58.801 Q 59.304 56.901 59.304 52.401 Q 59.304 49.701 60.504 46.551 Q 61.704 43.401 63.754 40.601 Q 65.804 37.801 68.304 36.001 Q 70.804 34.201 73.404 34.201 Q 74.404 34.201 75.154 34.901 Q 75.904 35.601 75.904 37.001 Q 75.904 40.101 71.204 44.501 Q 69.304 46.301 67.254 47.701 Q 65.204 49.101 63.504 49.701 Q 63.104 51.001 63.104 52.701 Q 63.104 55.001 64.204 56.901 Q 65.304 58.801 67.704 58.801 Q 70.704 58.801 73.204 57.101 Q 75.704 55.401 77.804 52.951 Q 79.904 50.501 81.504 48.401 Q 82.204 47.401 82.904 47.401 Q 83.304 47.401 83.304 47.801 Q 83.304 48.001 83.204 48.251 Q 83.104 48.501 83.004 48.701 Q 81.304 51.101 79.104 53.901 Q 76.904 56.701 74.104 58.701 Q 71.304 60.701 67.604 60.701 Z M 64.204 47.701 Q 66.804 46.601 69.604 43.801 Q 72.904 40.601 72.904 38.201 Q 72.904 37.001 71.704 37.001 Q 70.104 37.001 67.304 41.601 Q 64.804 45.401 64.204 47.701 Z"
          id="1"
          vector-effect="non-scaling-stroke" />
    <path d="M 96.704 61.701 Q 93.304 61.701 91.954 59.901 Q 90.604 58.101 90.604 55.301 Q 90.604 53.001 91.354 50.451 Q 92.104 47.901 93.204 45.701 Q 94.304 43.501 95.104 42.201 Q 94.804 42.301 94.504 42.351 Q 94.204 42.401 93.804 42.401 Q 92.404 42.401 90.704 41.401 Q 88.904 40.201 88.904 38.901 Q 88.304 40.301 87.254 42.101 Q 86.204 43.901 84.804 46.001 Q 81.104 51.801 79.904 51.801 Q 79.504 51.801 79.504 51.401 Q 79.504 51.001 80.104 50.201 Q 82.004 47.601 83.954 44.201 Q 85.904 40.801 87.904 36.601 Q 87.804 36.101 87.754 35.601 Q 87.704 35.101 87.704 34.401 Q 87.704 32.101 88.604 29.101 Q 89.704 25.301 91.304 25.301 Q 92.304 25.301 93.204 27.101 Q 93.504 27.801 93.704 28.451 Q 93.904 29.101 93.904 29.801 Q 93.904 32.201 89.804 37.101 Q 90.704 40.201 93.304 40.201 Q 95.204 40.201 96.804 38.301 Q 98.504 36.301 99.204 36.301 Q 100.104 36.301 100.804 37.001 Q 101.504 37.701 101.504 38.801 Q 101.504 38.701 100.254 40.601 Q 99.004 42.501 97.404 45.901 Q 95.804 49.301 95.154 51.701 Q 94.504 54.101 94.504 56.001 Q 94.504 59.501 97.804 59.501 Q 101.004 59.501 105.904 54.601 Q 107.504 52.901 109.604 50.301 L 112.204 47.101 Q 112.604 47.101 112.604 47.701 Q 112.604 48.501 112.004 49.401 Q 110.604 51.601 108.954 53.751 Q 107.304 55.901 105.904 57.201 Q 101.304 61.701 96.704 61.701 Z"
          id="2"
          vector-effect="non-scaling-stroke" />
    <path d="M 117.104 60.701 Q 113.804 60.701 111.304 58.801 Q 108.804 56.901 108.804 52.401 Q 108.804 49.701 110.004 46.551 Q 111.204 43.401 113.254 40.601 Q 115.304 37.801 117.804 36.001 Q 120.304 34.201 122.904 34.201 Q 123.904 34.201 124.654 34.901 Q 125.404 35.601 125.404 37.001 Q 125.404 40.101 120.704 44.501 Q 118.804 46.301 116.754 47.701 Q 114.704 49.101 113.004 49.701 Q 112.604 51.001 112.604 52.701 Q 112.604 55.001 113.704 56.901 Q 114.804 58.801 117.204 58.801 Q 120.204 58.801 122.704 57.101 Q 125.204 55.401 127.304 52.951 Q 129.404 50.501 131.004 48.401 Q 131.704 47.401 132.404 47.401 Q 132.804 47.401 132.804 47.801 Q 132.804 48.001 132.704 48.251 Q 132.604 48.501 132.504 48.701 Q 130.804 51.101 128.604 53.901 Q 126.404 56.701 123.604 58.701 Q 120.804 60.701 117.104 60.701 Z M 113.704 47.701 Q 116.304 46.601 119.104 43.801 Q 122.404 40.601 122.404 38.201 Q 122.404 37.001 121.204 37.001 Q 119.604 37.001 116.804 41.601 Q 114.304 45.401 113.704 47.701 Z"
          id="3"
          vector-effect="non-scaling-stroke" />
    <path d="M 139.104 43.901 L 145.304 37.101 Q 146.004 36.401 146.904 36.401 Q 149.204 36.401 149.204 38.701 Q 149.204 39.201 148.804 39.901 Q 143.204 49.101 143.204 54.501 Q 143.204 58.301 146.804 58.301 Q 149.404 58.301 152.804 55.401 Q 154.204 54.301 155.254 52.951 Q 156.304 51.601 157.504 50.001 Q 159.604 47.101 159.904 47.101 Q 160.204 47.101 160.204 47.701 Q 160.204 48.301 159.604 49.401 Q 152.804 60.701 145.504 60.701 Q 139.804 60.701 139.804 53.501 Q 139.804 50.301 140.854 47.301 Q 141.904 44.301 143.304 41.801 Q 139.804 44.901 135.954 49.451 Q 132.104 54.001 128.404 59.601 Q 127.804 60.501 127.504 60.501 Q 126.604 60.501 126.604 58.701 Q 126.604 58.301 126.804 57.901 Q 127.904 55.201 129.004 51.651 Q 130.104 48.101 131.204 43.301 L 131.604 41.301 Q 131.804 40.301 132.204 38.701 Q 132.404 38.101 133.604 37.301 Q 134.604 36.601 135.604 36.601 Q 136.304 36.601 136.304 37.201 Q 136.304 37.701 135.104 41.501 Q 133.904 45.301 131.604 52.401 Q 132.204 51.601 134.104 49.451 Q 136.004 47.301 139.104 43.901 Z"
          id="4"
          vector-effect="non-scaling-stroke" />
    <path d="M 195.404 14.301 L 180.404 18.601 Q 175.904 19.901 172.204 20.401 Q 168.504 20.901 165.304 20.901 Q 156.204 20.901 156.204 16.201 Q 156.204 14.801 157.204 13.201 Q 160.104 8.801 167.504 6.501 Q 173.504 4.601 180.004 4.601 Q 185.904 4.601 188.604 5.401 Q 189.904 5.801 189.904 6.701 Q 189.904 7.501 189.104 7.501 L 188.804 7.501 Q 184.704 7.501 182.604 7.101 Q 180.504 6.701 180.304 6.701 Q 175.204 6.701 169.804 8.101 Q 163.004 9.901 160.604 12.901 Q 159.604 14.001 159.604 14.901 Q 159.604 17.401 165.704 17.401 Q 168.604 17.401 172.654 16.751 Q 176.704 16.101 181.704 14.801 Q 185.304 13.801 187.854 13.151 Q 190.404 12.501 192.704 11.851 Q 195.004 11.201 197.804 10.401 Q 197.904 10.201 198.504 9.251 Q 199.104 8.301 199.704 7.601 Q 201.104 6.101 204.504 6.101 Q 205.804 6.101 205.804 6.601 Q 205.804 6.801 204.104 9.101 Q 207.204 8.601 210.054 8.301 Q 212.904 8.001 215.504 8.001 Q 221.004 8.001 226.604 10.901 Q 233.104 14.401 233.104 19.201 Q 233.104 20.801 232.104 20.801 Q 231.604 20.801 231.404 19.901 Q 231.104 18.301 230.604 17.301 Q 229.804 15.801 228.104 14.551 Q 226.404 13.301 224.204 12.501 Q 220.204 11.001 216.104 11.001 Q 209.704 11.001 201.404 12.801 Q 194.304 22.901 188.404 34.801 Q 181.104 49.501 181.104 59.001 Q 181.104 62.901 182.404 62.901 Q 183.204 62.901 184.904 61.801 L 186.704 60.601 Q 187.604 60.601 187.604 61.501 Q 187.604 62.601 185.604 63.701 Q 183.504 64.901 182.204 64.901 Q 177.304 64.901 177.304 58.701 Q 177.304 51.201 184.204 35.901 Q 186.704 30.301 189.504 24.901 Q 192.304 19.501 195.404 14.301 Z"
          id="5"
          vector-effect="non-scaling-stroke" />
    <path d="M 208.704 61.801 Q 203.204 61.801 203.204 55.901 Q 203.204 53.101 205.204 47.701 Q 206.104 45.201 207.054 43.451 Q 208.004 41.701 209.004 40.201 Q 209.604 39.301 210.404 39.301 Q 211.204 39.301 212.004 40.101 Q 212.504 40.601 212.504 41.401 Q 212.504 42.101 212.104 42.801 Q 209.904 46.201 208.504 49.651 Q 207.104 53.101 207.104 55.801 Q 207.104 59.401 209.704 59.401 Q 211.104 59.401 212.904 58.651 Q 214.704 57.901 216.504 56.301 Q 217.704 55.201 219.054 53.801 Q 220.404 52.401 221.804 50.501 L 224.404 47.301 Q 224.904 47.301 224.904 48.101 Q 224.904 48.901 224.204 49.701 Q 215.104 61.801 208.704 61.801 Z M 214.504 34.601 Q 212.104 34.601 212.104 32.201 Q 212.104 31.001 213.004 30.101 Q 214.004 29.101 215.304 29.101 Q 217.704 29.101 217.704 31.501 Q 217.704 32.701 216.804 33.601 Q 215.804 34.601 214.504 34.601 Z"
          id="6"
          vector-effect="non-scaling-stroke" />
    <path d="M 223.204 60.101 Q 220.104 60.101 220.104 56.701 Q 220.104 50.501 226.404 42.401 Q 229.704 38.101 232.904 35.951 Q 236.104 33.801 239.204 34.101 Q 240.904 28.301 242.704 23.301 Q 244.504 18.301 246.604 14.001 Q 253.404 0.001 259.904 0.001 Q 264.104 0.001 264.104 4.801 Q 264.104 15.301 240.204 43.401 Q 239.604 46.801 239.604 50.001 Q 239.604 57.601 242.804 57.601 Q 244.904 57.601 248.904 52.801 Q 252.904 47.901 253.304 47.901 Q 253.604 47.901 253.604 48.401 Q 253.604 49.001 253.104 49.801 Q 246.904 59.901 240.904 59.901 Q 235.704 59.901 235.704 52.001 Q 235.704 49.501 236.304 46.201 Q 228.504 60.101 223.204 60.101 Z M 240.804 40.501 Q 260.204 14.201 260.204 5.001 Q 260.204 2.801 258.404 2.801 Q 253.404 2.801 247.304 19.101 Q 243.204 29.901 240.804 40.501 Z M 224.904 57.001 Q 227.204 57.001 230.604 52.501 Q 231.304 51.701 232.354 49.951 Q 233.404 48.201 234.904 45.601 Q 236.604 42.701 237.354 41.001 Q 238.104 39.301 238.104 38.801 Q 238.104 38.601 238.054 38.601 Q 238.004 38.601 237.904 38.501 Q 237.804 38.201 236.804 38.201 Q 232.804 38.201 228.104 44.401 Q 223.404 50.601 223.404 54.801 Q 223.404 57.001 224.904 57.001 Z"
          id="7"
          vector-effect="non-scaling-stroke" />
    <path d="M 258.504 60.701 Q 255.204 60.701 252.704 58.801 Q 250.204 56.901 250.204 52.401 Q 250.204 49.701 251.404 46.551 Q 252.604 43.401 254.654 40.601 Q 256.704 37.801 259.204 36.001 Q 261.704 34.201 264.304 34.201 Q 265.304 34.201 266.054 34.901 Q 266.804 35.601 266.804 37.001 Q 266.804 40.101 262.104 44.501 Q 260.204 46.301 258.154 47.701 Q 256.104 49.101 254.404 49.701 Q 254.004 51.001 254.004 52.701 Q 254.004 55.001 255.104 56.901 Q 256.204 58.801 258.604 58.801 Q 261.604 58.801 264.104 57.101 Q 266.604 55.401 268.704 52.951 Q 270.804 50.501 272.404 48.401 Q 273.104 47.401 273.804 47.401 Q 274.204 47.401 274.204 47.801 Q 274.204 48.001 274.104 48.251 Q 274.004 48.501 273.904 48.701 Q 272.204 51.101 270.004 53.901 Q 267.804 56.701 265.004 58.701 Q 262.204 60.701 258.504 60.701 Z M 255.104 47.701 Q 257.704 46.601 260.504 43.801 Q 263.804 40.601 263.804 38.201 Q 263.804 37.001 262.604 37.001 Q 261.004 37.001 258.204 41.601 Q 255.704 45.401 255.104 47.701 Z"
          id="8"
          vector-effect="non-scaling-stroke" />
  </g>
</svg>