<svg xmlns="http://www.w3.org/2000/svg"
      width="316.3"
      height="81"
      viewBox="0 0 316.3 81">
  <g id="svgGroup"
        stroke-linecap="round"
        fill-rule="evenodd"
        font-size="9pt"
        stroke="#000"
        stroke-width="0.1mm"
        fill="#000"
        style="stroke:#000;stroke-width:0.1mm;fill:#000">
    <path d="M 50.5 55.7 L 51.6 55.7 Q 64.4 48 75.4 40.2 Q 79.9 32 83.2 26.65 Q 86.5 21.3 91.2 15.5 Q 100.5 3.7 110.8 3.7 Q 113.5 3.7 113.5 6.1 Q 113.5 11.9 103.9 21.3 Q 94.3 30.7 78.4 41.5 Q 73.6 50.7 71.2 54.9 Q 85.2 53.8 91.4 51.5 L 91.7 51.5 Q 92.1 51.5 92.1 52.05 Q 92.1 52.6 91.4 53.6 Q 83.9 55.9 69.8 57.2 Q 64.4 66.5 59.35 71.65 Q 54.3 76.8 49.2 76.8 Q 41 76.8 33.7 67.7 Q 19.4 74.9 8.4 78.7 Q 6.9 79.2 4.95 79.2 Q 3 79.2 3 77.7 Q 3 76.9 3.8 76.25 Q 4.6 75.6 5.9 75.6 Q 13.9 75.6 32.5 66.2 Q 30.1 63 26.3 57.3 Q 0 54.7 0 46.3 Q 0 44.4 1.95 43.2 Q 3.9 42 7.9 42 Q 17.9 42 27.8 54.7 Q 37.8 55.7 50.5 55.7 Z M 108 6.1 Q 101.1 6.1 94.1 15.3 Q 88.3 23.1 81.4 35.9 Q 94 26.6 101.6 18.95 Q 109.2 11.3 109.2 7.1 Q 109.2 6.1 108 6.1 Z M 51.6 58.2 Q 44 62.5 36.6 66.3 Q 43.3 74.6 48.8 74.6 Q 52.9 74.6 56.95 70.2 Q 61 65.8 65.9 57.5 Q 59.8 58 51.6 58.2 Z M 4.8 45.9 Q 4.8 51.6 24.1 54.2 Q 16.3 43.8 8.4 43.8 Q 4.8 43.8 4.8 45.9 Z M 72.7 45.3 Q 67.3 48.9 55.9 55.7 Q 63.6 55.5 67.2 55.2 Q 69.1 51.9 72.7 45.3 Z M 47.3 58.2 L 46.9 58.2 Q 38.2 58.2 30.1 57.6 Q 33.9 62.9 35.4 64.8 Q 41.6 61.5 47.3 58.2 Z"
          id="0"
          vector-effect="non-scaling-stroke" />
    <path d="M 113.5 61.6 L 116 59.5 Q 116.7 59 117.3 59 Q 117.9 59 117.9 59.7 L 117.9 59.9 Q 107.5 68.5 100.6 72.8 Q 93.7 77.1 88.1 77.1 Q 83.6 77.1 83.6 72.7 Q 83.6 66.2 90.2 59.35 Q 96.8 52.5 101.3 52.5 Q 103.8 52.5 103.8 55.3 Q 103.3 60.8 88 70.1 L 88 71.1 Q 88 74.4 91.45 74.4 Q 94.9 74.4 98.9 72.1 Q 106.7 67.5 113.5 61.6 Z M 98.7 55.6 Q 96.5 55.6 93.05 59.3 Q 89.6 63 88.4 67.7 Q 93.2 64.8 96.5 61.55 Q 99.8 58.3 99.8 56.95 Q 99.8 55.6 98.7 55.6 Z"
          id="1"
          vector-effect="non-scaling-stroke" />
    <path d="M 136.1 61.2 L 138.2 59.5 Q 138.9 59 139.5 59 Q 140.1 59 140.1 59.7 L 140.1 59.9 Q 132.6 65.9 125.3 71.15 Q 118 76.4 114.6 76.4 Q 112.1 76.4 112.1 73.7 Q 112.1 71 114.5 68.3 Q 116.9 65.6 119.25 63.6 Q 121.6 61.6 121.6 60.95 Q 121.6 60.3 120.85 59.45 Q 120.1 58.6 119.6 58.3 Q 117.9 60 112.2 64.5 L 111.8 63 Q 118.1 58 119.1 56.3 L 119.1 55.4 Q 119.1 52.9 119.6 52 Q 120.1 51.1 122 49.5 Q 123.9 47.9 124.6 47.9 Q 125.3 47.9 125.85 48.4 Q 126.4 48.9 126.4 49.4 Q 126.4 49.9 126.05 50.55 Q 125.7 51.2 125.35 51.65 Q 125 52.1 124.4 52.75 Q 123.8 53.4 123.65 53.65 Q 123.5 53.9 123.35 54.5 Q 123.2 55.1 122.7 55.5 Q 122.2 55.9 122.2 56.5 Q 122.2 57.1 123 59.15 Q 123.8 61.2 123.8 62.15 Q 123.8 63.1 120.1 66.65 Q 116.4 70.2 116.4 72.4 Q 116.4 73.6 117.5 73.6 Q 118.9 73.6 122.7 71.1 L 123.9 70.3 Q 130.4 65.8 136.1 61.2 Z"
          id="2"
          vector-effect="non-scaling-stroke" />
    <path d="M 161.4 61.6 L 163.9 59.5 Q 164.6 59 165.2 59 Q 165.8 59 165.8 59.7 L 165.8 59.9 Q 155.4 68.5 148.5 72.8 Q 141.6 77.1 136 77.1 Q 131.5 77.1 131.5 72.7 Q 131.5 66.2 138.1 59.35 Q 144.7 52.5 149.2 52.5 Q 151.7 52.5 151.7 55.3 Q 151.2 60.8 135.9 70.1 L 135.9 71.1 Q 135.9 74.4 139.35 74.4 Q 142.8 74.4 146.8 72.1 Q 154.6 67.5 161.4 61.6 Z M 146.6 55.6 Q 144.4 55.6 140.95 59.3 Q 137.5 63 136.3 67.7 Q 141.1 64.8 144.4 61.55 Q 147.7 58.3 147.7 56.95 Q 147.7 55.6 146.6 55.6 Z"
          id="3"
          vector-effect="non-scaling-stroke" />
    <path d="M 204.6 59.5 L 204.6 59.8 Q 183.5 77.4 178.5 77.4 Q 175.6 77.4 175.6 75 Q 175.6 72.6 177.75 69.3 Q 179.9 66 182.05 63.45 Q 184.2 60.9 184.2 60.4 Q 184.2 59.9 183.9 59.9 Q 174.6 66.1 172.85 67.5 Q 171.1 68.9 167.15 72.1 Q 163.2 75.3 162 76.1 Q 160.8 76.9 159.4 76.9 Q 158 76.9 158 75.7 Q 158 74.3 163.6 66.9 Q 169 59.5 169 58.6 Q 169 58.4 168.65 58.4 Q 168.3 58.4 160 64.5 L 159.6 63 Q 166.7 57.3 169.2 55.7 Q 171.7 54.1 173.25 54.1 Q 174.8 54.1 174.8 55.6 Q 174.8 56.6 169.15 63.75 Q 163.5 70.9 163.5 71.45 Q 163.5 72 163.85 72 Q 164.2 72 175.25 63.95 Q 186.3 55.9 188.7 55.9 Q 189.4 55.9 190.05 56.45 Q 190.7 57 190.7 57.5 Q 190.7 58.7 185.4 65.45 Q 180.1 72.2 180.1 73.1 Q 180.1 74 181.35 74 Q 182.6 74 186.7 71.3 Q 194.2 66.4 200.5 61.2 L 202.7 59.4 Q 203.4 58.9 204 58.9 Q 204.6 58.9 204.6 59.5 Z"
          id="4"
          vector-effect="non-scaling-stroke" />
    <path d="M 218.2 16.7 L 196 15.6 Q 195.8 15.6 195.1 16.2 Q 194.4 16.8 193.9 16.8 Q 193.4 16.8 193.2 16.7 Q 187.3 14.6 187.3 11.6 Q 187.3 10.1 189 10.1 Q 190 10.1 201.95 11.65 Q 213.9 13.2 227.7 13.2 Q 241.5 13.2 254.2 11.7 Q 267.7 0 281 0 Q 286.5 0 286.5 2.6 Q 286.5 9.4 255.7 13.9 Q 245.5 24.1 231 47.2 Q 225.6 55.7 220.3 63.6 Q 208.6 81 201.2 81 Q 198.5 81 198.5 78.65 Q 198.5 76.3 200.5 73.2 Q 202.4 70.2 203.5 70.2 L 203.6 70.2 Q 204.9 70.2 204.9 71.7 L 204.5 73.6 Q 204.5 74.1 204.9 74.1 Q 210.2 74.1 222.9 52.5 Q 228 43.8 235.9 32.7 Q 243.8 21.6 251.2 14.5 Q 233.9 16.7 218.2 16.7 Z M 278.6 1.9 Q 269 1.9 258.7 11.1 Q 266.1 10 271.45 8.4 Q 276.8 6.8 279 5.4 Q 281.2 4 281.2 2.95 Q 281.2 1.9 278.6 1.9 Z"
          id="5"
          vector-effect="non-scaling-stroke" />
    <path d="M 259.1 61.2 L 261.3 59.4 Q 262.1 58.9 262.55 58.9 Q 263 58.9 263 59.5 L 263 59.8 Q 263.4 59.8 257.65 64.2 Q 251.9 68.6 245.35 73 Q 238.8 77.4 237.1 77.4 Q 234.2 77.4 234.2 75 Q 234.2 72.1 239.2 64.05 Q 244.2 56 246.5 56 Q 248.2 56 248.2 57.3 Q 248.2 58.6 243.6 64.4 Q 239 70.2 239 72.7 Q 239 74.1 240.05 74.1 Q 241.1 74.1 245.3 71.3 Q 252.8 66.3 259.1 61.2 Z M 253.05 45.9 Q 254 45.9 254.55 46.5 Q 255.1 47.1 255.1 48.2 Q 255.1 49.3 253.6 51 Q 252.1 52.7 251 52.7 Q 249.9 52.7 249.4 52.05 Q 248.9 51.4 248.9 50.55 Q 248.9 49.7 250.5 47.8 Q 252.1 45.9 253.05 45.9 Z"
          id="6"
          vector-effect="non-scaling-stroke" />
    <path d="M 290.6 59.7 L 290.6 59.9 Q 269.8 76.7 265.4 76.7 Q 263.7 76.7 263.7 74.7 Q 263.7 72.7 265.2 68 Q 265.2 67.9 265 67.9 Q 253.5 77.4 249.7 77.4 Q 247.1 77.4 247.1 75.5 Q 247.1 71.3 256.15 63.2 Q 265.2 55.1 270.6 55.1 Q 271.3 55.1 272.1 56.1 Q 274.4 52.7 297.9 19.2 Q 300.4 16.1 301.95 16.1 Q 303.5 16.1 303.5 17.1 Q 303.5 19.6 286.3 40.7 Q 279.9 48.7 274.55 57.35 Q 269.2 66 269.2 70.5 Q 269.2 72.4 270.3 72.4 Q 271.6 72.4 274.9 70.1 Q 281.7 65.2 286.8 61.1 L 288.7 59.5 Q 289.4 59 290 59 Q 290.6 59 290.6 59.7 Z M 268.3 61.8 L 271.5 56.9 Q 271.2 56.8 270.9 56.8 Q 266.7 56.8 259.9 63.2 Q 253.1 69.6 253.1 72.2 Q 253.1 72.9 253.9 72.9 Q 256.4 72.9 261.5 68.65 Q 266.6 64.4 268.3 61.8 Z"
          id="7"
          vector-effect="non-scaling-stroke" />
    <path d="M 311.9 61.6 L 314.4 59.5 Q 315.1 59 315.7 59 Q 316.3 59 316.3 59.7 L 316.3 59.9 Q 305.9 68.5 299 72.8 Q 292.1 77.1 286.5 77.1 Q 282 77.1 282 72.7 Q 282 66.2 288.6 59.35 Q 295.2 52.5 299.7 52.5 Q 302.2 52.5 302.2 55.3 Q 301.7 60.8 286.4 70.1 L 286.4 71.1 Q 286.4 74.4 289.85 74.4 Q 293.3 74.4 297.3 72.1 Q 305.1 67.5 311.9 61.6 Z M 297.1 55.6 Q 294.9 55.6 291.45 59.3 Q 288 63 286.8 67.7 Q 291.6 64.8 294.9 61.55 Q 298.2 58.3 298.2 56.95 Q 298.2 55.6 297.1 55.6 Z"
          id="8"
          vector-effect="non-scaling-stroke" />
  </g>
</svg>